Id, Message, Money, Knowledge, Happiness, Stop, Special
1, 領取書卷獎獎金，錢+3, 3, 0, 0, 0, 0
2, 在傅鐘沈思3小時，知識+1, 0, 1, 0, 0, 0
3, 買到台大牛奶，快樂+1, 0, 0, 1, 0, 0
4, 借到Youbike2.0，下回合步數*2, 0, 0, 0, 0, 1
5, 參加交流版抽獎，錢+1、快樂+1, 1, 0, 1, 0, 0
6, 在畢業前逛台大校園，傳送到任一格, 0, 0, 0, 0, 2
7, 被週的快閃舞擋住去路，暫停1回合, 0, 0, 0, 1, 0
8, 忘記腳踏車停在哪，暫停1回合, 0, 0, 0, 1, 0
9, 疫情期間忘記帶學生證，進不了系館，沒有冷氣吹，快樂-1, 0, 0, -1, 0, 0
10, 杜鵑花節賣力跟學弟妹解說，導致喉嚨沒聲音，錢-1, -1, 0, 0, 0, 0
11, 系隊練球，結束時球袋少球，花隊費買球，錢-1, -1, 0, 0, 0, 0
12, 公館捷運站上廁所，發現沒有衛生紙，暫停1回合, 0, 0, 0, 1, 0
13, 期中期末考前NTU COOL爆炸，課程影片都沒看，知識-1, 0, -1, 0, 0, 0
14, PTT維修，快樂-1，暫停一回合, 0, 0, -1, 1, 0
15, 疫情緣故，改成遠距教學，讀書效率提高，知識+1，快樂+1, 0, 1, 1, 0, 0
16, 疫情緣故，不能出門，買了Netflix在家開心追劇，快樂+2，錢-1, -1, 0, 2, 0, 0
17, 發現台大大富翁裡頭的建築沒有德田館，氣氣氣氣氣，快樂-1, 0, 0, -1, 0, 0
18, 資訊系卡上台表演，深受評審雞丁的青睞，快樂+2, 0, 0, 2, 0, 0
19, 擔任ML助教，改作業改到瘋掉，錢+2，快樂-1, 2, 0, -1, 0, 0
20, 修到很雷的課，知識-1, 0, -1, 0, 0, 0