Id, Message, Money, Knowledge, Happiness, Stop, Move, Special
1, 去台科大吃飯，結果疫情爆發，居家隔離，暫停2回合, 0, 0, 0, 2, 0, 0
2, 途經椰林大道，被椰子樹葉子打到，快樂-1, 0, -1, 0, 0, 0, 0
3, 騎腳踏車被三寶撞，送去台大醫院休養，暫停2回合, 0, 0, 0, 2, 0, 0
4, 在計中撿到影印卡，錢+1, 1, 0, 0, 0, 0, 0
5, 期中考週自習室額滿，只好換地方讀書，前進兩格, 0, 0, 0, 0, 2, 0
6, 被學校二一，錢-10，錢不夠者出局, 0, 0, 0, 0, 0, 1
7, 腳踏車被拖吊超過三次，錢-2, 0, -2, 0, 0, 0, 0
8, 椰林大道暢行無阻，直達總圖, 0, 0, 0, 0, 0, 2
9, 大一新生找不到新生大樓，暫停1回合, 0, 0, 0, 1, 0, 0
10, 熬夜趕報告，快樂-1，知識+1, 0, 1, -1, 0, 0, 0
11, 台大盃扭到腳，暫停一回合, 0, 0, 0, 1, 0, 0
12, 練完之夜吃宵夜，快樂+1, 0, 0, 1, 0, 0, 0
13, 辦理停修，退後一格, 0, 0, 0, 0, -1, 0
14, 參加系烤，認識他系新朋友，快樂+1, 0, 0, 1, 0, 0, 0
15, 運動會游泳趣味競賽，水中尋寶撿到大獎，快樂+2, 0, 0, 2, 0, 0, 0
16, 忘了戴口罩，進不了教學館，知識-1, 0, -1, 0, 0, 0, 0
17, 遇到 NPC，暢聊三小時，暫停一回合, 0, 0, 0, 1, 0, 0
18, 疫情緣故，畢業典禮被取消，快樂-3, 0, 0, -3, 0, 0, 0
19, 打麻將狂放槍，自己錢-3，其他人錢+1, 0, 0, 0, 0, 0, 3
20, 當心理系研究生的實驗對象，錢+1, 1, 0, 0, 0, 0, 0