Id, Name, Corner, Message, Money, Knowledge, Happiness, Stop, Special
0, 德田館, 1, 各項數值+2, 2, 2, 2, 0, 0
1, 第一活動大樓, 0, 參加之夜，意外抽中大獎，錢+5, 5, 0, 0, 0, 0
2, 綜合大樓, 0, 修賽局理論，知識+1，快樂-2, 0, 1, -2, 0, 0
3, 小福, 0, 郵局提款，丟骰子決定 + 多少錢, 0, 0, 0, 0, 1
4, 機會, 0, , 0, 0, 0, 0, -1
5, 普通教學館, 0, 上普通的課，知識+2, 0, 2, 0, 0, 0
6, 醉月湖, 0, 心疼消失的ㄜˇㄜˊ，快樂-2, 0, 0, -2, 0, 0
7, 舊體, 0, 早八體育課，下課後回德田睡覺，返回起點, 0, 0, 0, 0, 2
8, 醫學院, 2, 上通識課，交通往返，知識+2，暫停2回合, 0, 2, 0, 2, 0
9, 新體, 0, 協助舉辦校外活動，錢+1, 1, 0, 0, 0, 0
10, 操場, 0, 參加運動會，快樂+1, 0, 0, 1, 0, 0
11, 臺大正門口, 0, 被詢問是否要創業，抽1張機會牌, 0, 0, 0, 0, -1
12, 命運, 0, , 0, 0, 0, 0, -2
13, 椰林大道, 0, 拍美美的畢業照，快樂+2, 0, 0, 2, 0, 0
14, 傅鐘, 0, (需兩人以上同時在此格才會執行)隨機一個人慘遭二一，失去所有知識, 0, 0, 0, 0, 4
15, 行政大樓, 0, 繳交停修單，知識-2, 0, -2, 0, 0, 0
16, 森多概, 3, YES：前往台大實驗林，暫停3回合，錢-3，快樂+5，知識+2\\NO：沒辦法搭上戀愛巴士，好難過，快樂-1, 0, 0, 0, 0, 5
17, 大一女, 0, 強制傳送一名隨機異性角色至大一女, 0, 0, 0, 0, 6
18, 舟山路小木屋, 0, 買小木屋鬆餅，錢-1，快樂+1, -1, 0, 1, 0, 0
19, 鹿鳴堂, 0, 蚊子館，被蚊子叮，快樂-1, 0, 0, -1, 0, 0
20, 機會, 0, , 0, 0, 0, 0, -1
21, 駐警隊, 0, 駐警什麼都不會做，沒事嚇你的啦呵呵, 0, 0, 0, 0, 0
22, 公館商圈, 0, 在公館商圈打工，錢+2, 2, 0, 0, 0, 0
23, 二活, 0, 參加社團活動，錢-1，快樂+1，知識+1, -1, 1, 1, 0, 0
24, 水源拖吊場, 4, 腳踏車被水源阿伯拖吊，前去領腳踏車，快樂-1，暫停1回合, 0, 0, -1, 1, 0
25, 管理學院, 0, 學習如何投資，知識+2，擲骰子獲得（4-x）的錢, 0, 0, 0, 0, 7
26, 台大牧場, 0, 跑去看可愛ㄉ牛牛羊羊，結果期中考爆炸，快樂+2，知識-2, 0, -2, 2, 0, 0
27, 總圖, 0, 總圖借書，丟骰子決定 + 多少知識, 0, 0, 0, 0, 8
28, 命運, 0, , 0, 0, 0, 0, -2
29, 霖澤館, 0, 萊爾富很難吃，快樂-1, 0, 0, -1, 0, 0
30, 社科院, 0, 在社圖自習，暫停一回合, 0, 0, 0, 1, 0
31, 118, 0, 被同學請客，>=2人時，錢多的人錢-2，錢少的人快樂+1, 0, 0, 0, 0, 9