Name,width,height,Message,imgPath,BorderR,BorderG,BorderB,gridx,gridy,gridwidth,gridheight
德田館,100,100,/n起點/n/n各項數值+2,CSIE.jpg,102,204,255,0,0,2,2
第一活動大樓,50,100,/n/n參加之夜，意外抽中大獎/n/n錢+5,StudentActivityCenter(I).jpg,154,229,154,2,0,1,2
綜合大樓,50,100,/n/n修賽局理論/n/n知識+1 快樂-2,MultiPurposeClassroomBuilding.jpg,154,229,154,3,0,1,2
小福,50,100,/n/n郵局提款/n/n隨機決定+多少錢,XiaoFuCommissary.jpeg,154,229,154,4,0,1,2
機會,50,100,/n/n抽一張機會牌,chance.png,242,239,131,5,0,1,2
普通教學館,50,100,/n/n上普通的課/n/n知識+2,CoreSubjectClassroomBuilding.jpg,154,229,154,6,0,1,2
醉月湖,50,100,/n/n心疼消失的ㄜˇㄜˊ/n/n快樂-2,DrunkenMoonLake.jpeg,154,229,154,7,0,1,2
舊體,50,100,/n早八體育課/n下課後回德田睡覺/n/n返回起點,Gymnasium.jpeg,154,229,154,8,0,1,2
醫學院,100,100,/n/n上通識課，交通往返/n/n知識+2 暫停2回合,MED.jpeg,102,204,255,9,0,2,2
新體,100,50,/n/n協助舉辦校外活動/n/n錢+1,SportCenter.jpeg,154,229,154,9,2,2,1
操場,100,50,/n/n參加運動會/n/n快樂+1,SportsField.jpeg,154,229,154,9,3,2,1
臺大正門口,100,50,/n/n被詢問是否要創業/n/n抽1張機會牌,Gate.jpeg,154,229,154,9,4,2,1
命運,100,50,/n/n抽一張命運牌,destiny.png,255,192,203,9,5,2,1
椰林大道,100,50,/n/n拍美美的畢業照/n/n快樂+2,RoyalPalmBlvd.jpeg,154,229,154,9,6,2,1
傅鐘,100,50,/n兩人同時在此格才會執行/n/n數了21下鐘聲，有1/2的機率被二一/n被選到的人失去所有知識,FuBell.jpeg,154,229,154,9,7,2,1
行政大樓,100,50,/n/n繳交停修單/n/n知識-2,AdministrationBuilding.jpeg,154,229,154,9,8,2,1
森多概,100,100,/nYES：前往台大實驗林/n暫停3回合 錢-3 快樂+5 知識+2/nNO：沒辦法搭上戀愛巴士，好難過/n快樂-1,Forest.JPG,102,204,255,9,9,2,2
大一女,50,100,/n/n強制傳送一名隨機異性角色至大一女,WomenDorm.jpeg,154,229,154,8,9,1,2
舟山路小木屋,50,100,/n/n買小木屋鬆餅/n/n錢-1 快樂+1,Pancake.jpeg,154,229,154,7,9,1,2
鹿鳴堂,50,100,/n/n蚊子館，被蚊子叮/n/n快樂-1,LuMingHall.jpeg,154,229,154,6,9,1,2
機會,50,100,/n/n抽一張機會牌,chance.png,242,239,131,5,9,1,2
駐警隊,50,100,/n/n駐警什麼都不會做/n沒事嚇你的啦呵呵,,154,229,154,4,9,1,2
公館商圈,50,100,/n/n在公館商圈打工/n/n錢+2,GongGuan.jpeg,154,229,154,3,9,1,2
二活,50,100,/n/n參加社團活動/n/n錢-1 快樂+1 知識+1,StudentActivityCenter(II).jpg,154,229,154,2,9,1,2
水源拖吊場,100,100,/n腳踏車被水源阿伯拖吊，前去領腳踏車/n/n快樂-1 暫停1回合,ShuiYuan.jpeg,102,204,255,0,9,2,2
管理學院,100,50,/n學習如何投資/n/n知識+2，隨機獲得（4-x）的錢,CollegeOfManagement.jpeg,154,229,154,0,8,2,1
台大牧場,100,50,/n跑去看可愛ㄉ牛牛羊羊，結果期中考爆炸/n/n快樂+2 知識-2,Farm.jpeg,154,229,154,0,7,2,1
總圖,100,50,/n/n總圖借書/n隨機決定+多少知識,MainLibrary.jpeg,154,229,154,0,6,2,1
命運,100,50,/n/n抽一張命運牌,destiny.png,255,192,203,0,5,2,1
霖澤館,100,50,/n/n萊爾富很難吃/n/n快樂-1,TsaiLectureHall.jpeg,154,229,154,0,4,2,1
社科院,100,50,/n/n在社圖自習/n/n暫停一回合,LawAndSocialScience.jpeg,154,229,154,0,3,2,1
118,100,50,/n需多人同時在此格才會執行/n/n被同學請客，錢多的人錢-2，錢少的人快樂+1,118.jpeg,154,229,154,0,2,2,1